empty=33,1,28,28,0,0,Required
bad=1,1,30,30,0,15,Required
0000_Grass=133,222,64,31,16,32,Land
0001_Grass=331,379,64,31,16,32,Land
0010_Grass=529,142,64,23,8,32,Land
0011_Grass=463,191,64,23,8,32,Land
0100_Grass=397,330,64,31,16,32,Land
0101_Grass=265,445,64,31,16,32,Land
0110_Grass=529,167,64,23,8,32,Land
0111_Grass=463,216,64,23,8,32,Land
1000_Grass=265,206,64,39,16,32,Land
1001_Grass=265,165,64,39,16,32,Land
1010_Grass=199,478,64,31,8,32,Land
1011_Grass=397,297,64,31,8,32,Land
1100_Grass=331,165,64,39,16,32,Land
1101_Grass=397,124,64,39,16,32,Land
1110_Grass=331,445,64,31,8,32,Land
2101_Grass=133,50,64,47,16,32,Land
0121_Grass=595,184,64,15,0,32,Land
1012_Grass=397,396,64,31,8,32,Land
1210_Grass=397,363,64,31,8,32,Land
0000_Plowed=265,478,64,31,16,32,Land
0001_Plowed=331,412,64,31,16,32,Land
0010_Plowed=529,67,64,23,8,32,Land
0011_Plowed=727,26,64,23,8,32,Land
0100_Plowed=331,346,64,31,16,32,Land
0101_Plowed=265,346,64,31,16,32,Land
0110_Plowed=463,291,64,23,8,32,Land
0111_Plowed=529,242,64,23,8,32,Land
1000_Plowed=331,83,64,39,16,32,Land
1001_Plowed=133,181,64,39,16,32,Land
1010_Plowed=397,231,64,31,8,32,Land
1011_Plowed=199,412,64,31,8,32,Land
1100_Plowed=199,42,64,39,16,32,Land
1101_Plowed=195,1,64,39,16,32,Land
1110_Plowed=133,453,64,31,8,32,Land
2101_Plowed=1,148,64,47,16,32,Land
0121_Plowed=463,316,64,15,0,32,Land
1012_Plowed=331,280,64,31,8,32,Land
1210_Plowed=397,264,64,31,8,32,Land
0000_SelN=265,412,64,31,16,32,Land
0001_SelN=199,445,64,31,16,32,Land
0010_SelN=463,266,64,23,8,32,Land
0011_SelN=463,241,64,23,8,32,Land
0100_SelN=265,379,64,31,16,32,Land
0101_SelN=331,313,64,31,16,32,Land
0110_SelN=661,51,64,23,8,32,Land
0111_SelN=657,1,64,23,8,32,Land
1000_SelN=261,1,64,39,16,32,Land
1001_SelN=199,165,64,39,16,32,Land
1010_SelN=529,34,64,31,8,32,Land
1011_SelN=591,1,64,31,8,32,Land
1100_SelN=199,206,64,39,16,32,Land
1101_SelN=393,1,64,39,16,32,Land
1110_SelN=331,478,64,31,8,32,Land
2101_SelN=63,1,64,47,16,32,Land
0121_SelN=463,333,64,15,0,32,Land
1012_SelN=459,1,64,31,8,32,Land
1210_SelN=463,67,64,31,8,32,Land
0000_SelE=463,34,64,31,16,32,Land
0001_SelE=463,133,64,31,16,32,Land
0010_SelE=529,217,64,23,8,32,Land
0011_SelE=595,34,64,23,8,32,Land
0100_SelE=397,429,64,31,16,32,Land
0101_SelE=525,1,64,31,16,32,Land
0110_SelE=595,84,64,23,8,32,Land
0111_SelE=661,26,64,23,8,32,Land
1000_SelE=265,83,64,39,16,32,Land
1001_SelE=199,83,64,39,16,32,Land
1010_SelE=397,462,64,31,8,32,Land
1011_SelE=463,100,64,31,8,32,Land
1100_SelE=331,42,64,39,16,32,Land
1101_SelE=265,124,64,39,16,32,Land
1110_SelE=1,370,64,31,8,32,Land
2101_SelE=1,99,64,47,16,32,Land
0121_SelE=727,68,64,15,0,32,Land
1012_SelE=133,288,64,31,8,32,Land
1210_SelE=67,354,64,31,8,32,Land
0000_SelS=1,403,64,31,16,32,Land
0001_SelS=67,321,64,31,16,32,Land
0010_SelS=529,117,64,23,8,32,Land
0011_SelS=463,166,64,23,8,32,Land
0100_SelS=133,255,64,31,16,32,Land
0101_SelS=1,271,64,31,16,32,Land
0110_SelS=661,101,64,23,8,32,Land
0111_SelS=661,76,64,23,8,32,Land
1000_SelS=327,1,64,39,16,32,Land
1001_SelS=199,124,64,39,16,32,Land
1010_SelS=1,238,64,31,8,32,Land
1011_SelS=397,198,64,31,8,32,Land
1100_SelS=265,42,64,39,16,32,Land
1101_SelS=67,140,64,39,16,32,Land
1110_SelS=67,453,64,31,8,32,Land
2101_SelS=129,1,64,47,16,32,Land
0121_SelS=727,51,64,15,0,32,Land
1012_SelS=133,387,64,31,8,32,Land
1210_SelS=265,280,64,31,8,32,Land
0000_SelW=331,247,64,31,16,32,Land
0001_SelW=199,379,64,31,16,32,Land
0010_SelW=595,109,64,23,8,32,Land
0011_SelW=529,192,64,23,8,32,Land
0100_SelW=133,420,64,31,16,32,Land
0101_SelW=265,313,64,31,16,32,Land
0110_SelW=723,1,64,23,8,32,Land
0111_SelW=595,134,64,23,8,32,Land
1000_SelW=133,99,64,39,16,32,Land
1001_SelW=67,99,64,39,16,32,Land
1010_SelW=133,321,64,31,8,32,Land
1011_SelW=67,387,64,31,8,32,Land
1100_SelW=67,181,64,39,16,32,Land
1101_SelW=133,140,64,39,16,32,Land
1110_SelW=199,280,64,31,8,32,Land
2101_SelW=67,50,64,47,16,32,Land
0121_SelW=661,126,64,15,0,32,Land
1012_SelW=133,354,64,31,8,32,Land
1210_SelW=199,313,64,31,8,32,Land
0000_SelC=67,420,64,31,16,32,Land
0001_SelC=1,469,64,31,16,32,Land
0010_SelC=595,159,64,23,8,32,Land
0011_SelC=133,486,64,23,8,32,Land
0100_SelC=199,247,64,31,16,32,Land
0101_SelC=1,436,64,31,16,32,Land
0110_SelC=67,486,64,23,8,32,Land
0111_SelC=529,92,64,23,8,32,Land
1000_SelC=331,124,64,39,16,32,Land
1001_SelC=397,83,64,39,16,32,Land
1010_SelC=265,247,64,31,8,32,Land
1011_SelC=199,346,64,31,8,32,Land
1100_SelC=397,42,64,39,16,32,Land
1101_SelC=331,206,64,39,16,32,Land
1110_SelC=397,165,64,31,8,32,Land
2101_SelC=1,50,64,47,16,32,Land
0121_SelC=789,1,64,15,0,32,Land
1012_SelC=67,222,64,31,8,32,Land
1210_SelC=67,255,64,31,8,32,Land
0000Wet=1,304,64,31,16,32,Land
0001Wet=1,337,64,31,16,32,Land
0010Wet=595,59,64,23,8,32,Land
0100Wet=67,288,64,31,16,32,Land
1000Wet=1,197,64,39,16,32,Land
barn=195,693,192,180,48,96,Buildings
shed=591,439,192,180,48,96,Buildings
silo=397,495,192,180,48,96,Buildings
house=595,201,256,236,48,128,Buildings
well=529,267,64,77,8,32,Buildings
trough_empty=661,143,64,18,8,32,Buildings
water_trough_full=727,85,64,18,8,32,Buildings
delete_me_1=463,350,64,18,8,32,Buildings
food_trough_full=793,18,64,18,8,32,Buildings
deliveryarea=195,511,192,180,48,96,Buildings
deliveryarea_full=1,511,192,180,48,96,Buildings
tree=859,1,64,163,8,32,Scenery
fence_a1=761,105,32,28,8,16,Fences
0000_wheat_tall=389,717,64,38,16,32,Crops
0001_wheat_tall=331,875,64,38,16,32,Crops
0010_wheat_tall=919,343,64,30,8,32,Crops
0011_wheat_tall=853,410,64,30,8,32,Crops
0100_wheat_tall=591,621,64,38,16,32,Crops
0101_wheat_tall=265,955,64,38,16,32,Crops
0110_wheat_tall=455,797,64,30,8,32,Crops
0111_wheat_tall=853,376,64,32,8,32,Crops
1000_wheat_tall=853,166,64,44,16,32,Crops
1001_wheat_tall=853,212,64,42,16,32,Crops
1010_wheat_tall=919,305,64,36,8,32,Crops
1011_wheat_tall=919,265,64,38,8,32,Crops
1100_wheat_tall=925,49,64,44,16,32,Crops
1101_wheat_tall=1,951,64,46,16,32,Crops
1110_wheat_tall=265,915,64,38,8,32,Crops
2101_wheat_tall=1,897,64,52,16,32,Crops
0121_wheat_tall=1,999,64,24,0,32,Crops
1012_wheat_tall=389,797,64,38,8,32,Crops
1210_wheat_tall=853,336,64,38,8,32,Crops
0000_wheat_short=199,955,64,38,16,32,Crops
0001_wheat_short=455,717,64,38,16,32,Crops
0010_wheat_short=331,949,64,30,8,32,Crops
0011_wheat_short=591,661,64,30,8,32,Crops
0100_wheat_short=455,757,64,38,16,32,Crops
0101_wheat_short=521,677,64,38,16,32,Crops
0110_wheat_short=785,477,64,30,8,32,Crops
0111_wheat_short=331,915,64,32,8,32,Crops
1000_wheat_short=925,95,64,44,16,32,Crops
1001_wheat_short=133,921,64,42,16,32,Crops
1010_wheat_short=389,837,64,36,8,32,Crops
1011_wheat_short=853,256,64,38,8,32,Crops
1100_wheat_short=133,875,64,44,16,32,Crops
1101_wheat_short=67,875,64,46,16,32,Crops
1110_wheat_short=463,454,64,38,8,32,Crops
2101_wheat_short=763,135,64,52,16,32,Crops
0121_wheat_short=199,995,64,24,0,32,Crops
1012_wheat_short=919,225,64,38,8,32,Crops
1210_wheat_short=389,757,64,38,8,32,Crops
0000_wheat_med=133,965,64,38,16,32,Crops
0001_wheat_med=853,296,64,38,16,32,Crops
0010_wheat_med=657,621,64,30,8,32,Crops
0011_wheat_med=521,751,64,30,8,32,Crops
0100_wheat_med=199,915,64,38,16,32,Crops
0101_wheat_med=455,677,64,38,16,32,Crops
0110_wheat_med=397,875,64,30,8,32,Crops
0111_wheat_med=521,717,64,32,8,32,Crops
1000_wheat_med=67,923,64,44,16,32,Crops
1001_wheat_med=925,141,64,42,16,32,Crops
1010_wheat_med=785,439,64,36,8,32,Crops
1011_wheat_med=265,875,64,38,8,32,Crops
1100_wheat_med=67,969,64,44,16,32,Crops
1101_wheat_med=925,1,64,46,16,32,Crops
1110_wheat_med=919,185,64,38,8,32,Crops
2101_wheat_med=497,400,64,52,16,32,Crops
0121_wheat_med=265,995,64,24,0,32,Crops
1012_wheat_med=199,875,64,38,8,32,Crops
1210_wheat_med=389,677,64,38,8,32,Crops
apple_tall_large=851,442,64,56,16,32,Trees
apple_med=521,783,64,56,16,32,Trees
apple_short=397,907,64,56,16,32,Trees
apple_tall_small=587,693,64,56,16,32,Trees
apple_tall_med=919,375,64,56,16,32,Trees
apple_tall_over=785,509,64,56,16,32,Trees
road_0000_0101=719,753,64,31,16,32,Road
road_0000_1010=529,940,64,31,16,32,Road
road_0000_1111=855,599,64,31,16,32,Road
road_0011_1010=921,631,64,23,8,32,Road
road_1001_0101=455,829,64,39,16,32,Road
road_0110_0101=727,819,64,23,8,32,Road
road_1100_1010=463,870,64,39,16,32,Road
road_0000_1101=917,565,64,31,16,32,Road
road_0000_0111=661,793,64,31,16,32,Road
road_0000_1011=595,883,64,31,16,32,Road
road_0000_1110=719,720,64,31,16,32,Road
road_0000_1100=463,977,64,31,16,32,Road
road_0000_0110=595,817,64,31,16,32,Road
road_0000_0011=789,666,64,31,16,32,Road
road_0000_1001=917,532,64,31,16,32,Road
road_0000_1000=595,850,64,31,16,32,Road
road_0000_0100=661,859,64,31,16,32,Road
road_0000_0010=855,665,64,31,16,32,Road
road_0000_0001=921,598,64,31,16,32,Road
road_0000_0000=785,732,64,31,16,32,Road
highway_intersection_0111=727,786,64,31,16,32,Road
highway_intersection_1011=661,826,64,31,16,32,Road
highway_intersection_1101=789,699,64,31,16,32,Road
highway_intersection_1110=595,916,64,31,16,32,Road
highway_intersection_0011=529,973,64,31,16,32,Road
highway_intersection_1001=855,632,64,31,16,32,Road
highway_intersection_1100=529,907,64,31,16,32,Road
highway_intersection_0110=463,911,64,31,16,32,Road
highway_intersection_0001=397,965,64,31,16,32,Road
highway_intersection_1000=919,433,64,31,16,32,Road
highway_intersection_0100=587,784,64,31,16,32,Road
highway_intersection_0010=723,654,64,31,16,32,Road
highway_0011_1010=397,998,64,23,8,32,Road
highway_1001_0101=657,653,64,39,16,32,Road
highway_0110_0101=595,949,64,23,8,32,Road
highway_1100_1010=331,981,64,39,16,32,Road
highway_0000_1101=653,694,64,31,16,32,Road
highway_0000_0111=785,567,64,31,16,32,Road
highway_0000_1011=723,621,64,31,16,32,Road
highway_0000_1110=851,500,64,31,16,32,Road
highway_0000_1100_SE=587,751,64,31,16,32,Road
highway_0000_0110_SW=653,760,64,31,16,32,Road
highway_0000_0011_NW=789,600,64,31,16,32,Road
highway_0000_1001_NE=723,687,64,31,16,32,Road
highway_0000_1000=789,633,64,31,16,32,Road
highway_0000_0100=851,566,64,31,16,32,Road
highway_0000_0010=917,499,64,31,16,32,Road
highway_0000_0001=917,466,64,31,16,32,Road
man1=985,309,38,60,7,19,Workers
man2=985,371,38,60,7,19,Workers
man3=985,185,38,60,7,19,Workers
cow_left=727,898,64,52,7,32,Animals
cow_right=793,823,64,52,7,32,Animals
tractor_left=727,844,64,52,7,32,Workers
tractor_right=921,656,64,52,7,32,Workers
plow_left=793,765,58,27,7,29,Workers
plow_right=595,974,58,27,7,29,Workers
sprayer_left=793,794,58,27,7,29,Workers
sprayer_right=661,946,58,27,7,29,Workers
planter_left=853,752,58,27,7,29,Workers
planter_right=529,454,58,27,7,29,Workers
slaughterhouse=1,693,192,180,48,96,Buildings
man1_plow=985,247,38,60,7,19,Workers
harvester_left=855,698,64,52,7,32,Workers
harvester_right=661,892,64,52,7,32,Workers
trailer_right=531,368,58,27,7,29,Workers
trailer_left=795,98,58,27,7,29,Workers
fence_b1=463,408,32,28,8,16,Fences
fence_a0=1,875,32,20,0,16,Fences
fence_b0=793,76,32,20,0,16,Fences
fence_a2=661,163,32,36,8,16,Fences
fence_b2=463,370,32,36,8,16,Fences
fence2_a1=695,163,32,28,8,16,Fences
fence2_b1=497,370,32,28,8,16,Fences
fence2_a0=729,143,32,20,0,16,Fences
fence2_b0=529,346,32,20,0,16,Fences
fence2_a2=727,105,32,36,8,16,Fences
fence2_b2=793,38,32,36,8,16,Fences
highway_0000_1100_NE=851,533,64,31,16,32,Road
highway_0000_0110_SE=653,727,64,31,16,32,Road
highway_0000_0011_SW=463,944,64,31,16,32,Road
highway_0000_1001_NW=529,874,64,31,16,32,Road
highway_intersection_1111=529,841,64,31,16,32,Road
